feature:torch.Size([144, 1024])
tensor([[ 0.7451, -0.6824, -0.7137,  ...,  0.9961,  2.0000, -0.6980],
        [ 0.0863, -0.7137, -0.6353,  ..., -0.2118,  0.8392,  1.2784],
        [ 0.4941, -0.1647, -0.8863,  ...,  0.3373,  0.9490, -0.7294],
        ...,
        [ 0.2118, -0.7137, -0.6824,  ..., -1.7333,  0.4784,  0.5882],
        [ 0.2118, -0.7137, -0.6824,  ..., -1.7333,  0.4627,  0.5882],
        [ 0.2902, -0.7137, -0.6667,  ..., -1.7961,  0.5255,  0.6196]])
gtscore:torch.Size([144])
tensor([0.0177, 0.0177, 0.0000, 0.0759, 0.0759, 0.0795, 0.1314, 0.1314, 0.1941,
        0.2128, 0.2128, 0.2325, 0.3447, 0.4274, 0.4274, 0.4655, 0.5007, 0.5007,
        0.4576, 0.4199, 0.4199, 0.3569, 0.3374, 0.3374, 0.3403, 0.3417, 0.3397,
        0.3397, 0.3463, 0.3486, 0.3486, 0.3403, 0.3399, 0.3399, 0.3285, 0.3219,
        0.3159, 0.3159, 0.3182, 0.3385, 0.3385, 0.3356, 0.3547, 0.3547, 0.3867,
        0.4174, 0.4174, 0.4412, 0.4946, 0.5378, 0.5378, 0.6206, 0.7069, 0.7069,
        0.8351, 0.9716, 0.9716, 1.0000, 0.9694, 0.9694, 0.9466, 0.9162, 0.9124,
        0.9124, 0.9036, 0.8792, 0.8792, 0.8386, 0.8091, 0.8091, 0.8164, 0.7969,
        0.7780, 0.7780, 0.7332, 0.6987, 0.6987, 0.6650, 0.6497, 0.6497, 0.6576,
        0.6679, 0.6679, 0.7046, 0.7276, 0.7373, 0.7373, 0.7373, 0.7351, 0.7351,
        0.7304, 0.7137, 0.7137, 0.7015, 0.6916, 0.6916, 0.6589, 0.6275, 0.6057,
        0.6057, 0.5920, 0.5596, 0.5596, 0.5324, 0.5009, 0.5009, 0.4677, 0.4402,
        0.4146, 0.4146, 0.3932, 0.3721, 0.3721, 0.3574, 0.3449, 0.3449, 0.3399,
        0.3337, 0.3337, 0.3316, 0.3269, 0.3363, 0.3363, 0.3376, 0.3661, 0.3661,
        0.3686, 0.3782, 0.3782, 0.3990, 0.4192, 0.4192, 0.4214, 0.3880, 0.3735,
        0.3735, 0.3114, 0.2064, 0.2064, 0.1261, 0.0666, 0.0666, 0.0254, 0.0146])
audio:torch.Size([144, 128])
tensor([[ 0.2431, -0.9961,  0.1961,  ...,  0.3373,  0.3373, -2.0000],
        [ 0.2745, -0.9020,  0.4157,  ...,  0.6039,  1.3882, -2.0000],
        [ 0.0235, -0.8235, -0.2118,  ..., -0.4471, -0.5255, -2.0000],
        ...,
        [ 0.8078, -1.1843, -0.0549,  ..., -1.0118, -1.4039, -0.5725],
        [ 0.7137, -1.4039, -0.0706,  ...,  1.2000, -2.0000,  0.0235],
        [ 0.7137, -1.5922, -0.0078,  ...,  0.1804,  0.0706,  0.9804]])
video_name:11
video_18749
n_frames:<class 'numpy.ndarray'>
144
picks:(144,)
[  0   1   2   3   4   5   6   7   8   9  10  11  12  13  14  15  16  17
  18  19  20  21  22  23  24  25  26  27  28  29  30  31  32  33  34  35
  36  37  38  39  40  41  42  43  44  45  46  47  48  49  50  51  52  53
  54  55  56  57  58  59  60  61  62  63  64  65  66  67  68  69  70  71
  72  73  74  75  76  77  78  79  80  81  82  83  84  85  86  87  88  89
  90  91  92  93  94  95  96  97  98  99 100 101 102 103 104 105 106 107
 108 109 110 111 112 113 114 115 116 117 118 119 120 121 122 123 124 125
 126 127 128 129 130 131 132 133 134 135 136 137 138 139 140 141 142 143]
change_points:(29, 2)
[[  0   5]
 [  5   6]
 [  6  13]
 [ 13  17]
 [ 17  18]
 [ 18  20]
 [ 20  22]
 [ 22  24]
 [ 24  25]
 [ 25  28]
 [ 28  30]
 [ 30  41]
 [ 41  44]
 [ 44  45]
 [ 45  50]
 [ 50  54]
 [ 54  64]
 [ 64  69]
 [ 69  73]
 [ 73  75]
 [ 75  87]
 [ 87  93]
 [ 93  99]
 [ 99 122]
 [122 129]
 [129 135]
 [135 137]
 [137 140]
 [140 143]]
n_frame_per_seg:(29,)
[ 5  1  7  4  1  2  2  2  1  3  2 11  3  1  5  4 10  5  4  2 12  6  6 23
  7  6  2  3  3]
gt_summary:(1, 144)
[[0. 0. 0. 0. 0. 0. 0. 0. 0. 0. 0. 0. 0. 0. 0. 0. 0. 1. 1. 1. 1. 1. 1. 1.
  1. 0. 0. 0. 1. 1. 0. 0. 0. 0. 0. 0. 0. 0. 0. 0. 0. 0. 0. 0. 1. 0. 0. 0.
  0. 0. 1. 1. 1. 1. 0. 0. 0. 0. 0. 0. 0. 0. 0. 0. 0. 0. 0. 0. 0. 1. 1. 1.
  1. 1. 1. 0. 0. 0. 0. 0. 0. 0. 0. 0. 0. 0. 0. 0. 0. 0. 0. 0. 0. 0. 0. 0.
  0. 0. 0. 0. 0. 0. 0. 0. 0. 0. 0. 0. 0. 0. 0. 0. 0. 0. 0. 0. 0. 0. 0. 0.
  0. 0. 0. 0. 0. 0. 0. 0. 0. 0. 0. 0. 0. 0. 0. 0. 0. 0. 0. 0. 0. 0. 0. 0.]]